translation: 
  x: 0.04963436325100409
  y: 0.08921701131732475
  z: -0.13733995126521603
rotation: 
  x: 0.003461827176336237
  y: -0.009976086660968941
  z: 0.9951469255536353
  w: 0.09783194779151275
